Jura_Meters
10
X
Y
Z
Ind_Cat_1
Ind_Cat_2
Ind_Cat_3
Ind_Cat_4
Ind_Cat_5
Rock
weigth_nn
2386 3077 0 0 0 1 0 0 3 0.799227774143
2544 1972 0 0 1 0 0 0 2 0.2239382267
2807 3347 0 0 0 1 0 0 3 1.19691121578
4308 1933 0 0 1 0 0 0 2 1.8957529068
4383 1081 0 0 0 0 0 1 5 0.536679565907
3244 4519 0 0 0 0 0 1 5 0.571428596973
3925 3785 0 0 0 0 0 1 5 0.0308880303055
2116 3498 0 1 0 0 0 0 1 1.81081080437
1842 989 0 1 0 0 0 0 1 0.266409277916
1709 1843 0 0 0 1 0 0 3 0.0193050187081
3800 4578 0 1 0 0 0 0 1 1.74131274223
2699 1199 0 1 0 0 0 0 1 1.19691121578
3033 4384 0 0 0 0 0 1 5 1.66409265995
4232 1588 0 0 1 0 0 0 2 1.18532812595
4750 1369 0 0 1 0 0 0 2 0.154440149665
2341 4135 0 1 0 0 0 0 1 0.0926640927792
2827 3667 0 0 0 0 0 1 5 0.0849420875311
3043 4692 0 1 0 0 0 0 1 0.42084941268
1687 1174 0 1 0 0 0 0 1 0.142857149243
2235 2386 0 0 0 0 0 1 5 0.853281855583
3122 1695 0 0 1 0 0 0 2 0.00772200757638
2219 2774 0 0 1 0 0 0 2 0.370656371117
3185 2092 0 0 1 0 0 0 2 0.274131268263
3514 5119 0 1 0 0 0 0 1 0.247104242444
4459 2624 0 0 1 0 0 0 2 1.72972977161
4339 1473 0 0 0 0 0 1 5 0.312741309404
4920 1417 0 0 1 0 0 0 2 0.416988402605
3648 3780 0 0 1 0 0 0 2 0.320463329554
2916 4916 0 1 0 0 0 0 1 0.104247100651
3127 1691 0 0 1 0 0 0 2 0.351351350546
3441 4719 0 0 0 0 0 1 5 0.0308880303055
3336 4613 0 0 0 0 0 1 5 0.0849420875311
3649 2674 0 0 1 0 0 0 2 0.00772200757638
3875 4924 0 0 0 0 0 1 5 1.69884169102
2612 4114 0 1 0 0 0 0 1 1.52895748615
2340 4141 0 1 0 0 0 0 1 0.343629330397
3811 1318 0 0 1 0 0 0 2 1.57142853737
3661 3788 0 0 1 0 0 0 2 0.0386100374162
4340 3736 0 0 0 1 0 0 3 1.71042466164
2972 988 0 0 0 1 0 0 3 0.33590734005
2286 3068 0 0 0 1 0 0 3 0.370656371117
1813 2116 0 0 0 1 0 0 3 1.42471039295
3379 4308 0 0 0 0 0 1 5 1.16602313519
1965 2807 0 0 0 1 0 0 3 1.33204638958
3559 4009 0 0 0 1 0 0 3 0.393822401762
2267 4189 0 1 0 0 0 0 1 1.6718146801
2965 1002 0 0 0 1 0 0 3 0.138996139169
3120 1469 0 0 0 1 0 0 3 0.972972989082
3454 4654 0 0 0 0 0 1 5 0.575289547443
1071 1567 0 0 0 1 0 0 3 0.305019319057
3573 3542 0 0 0 0 0 1 5 1.35135138035
3331 4609 0 0 0 0 0 1 5 0.154440149665
3541 1739 0 0 0 1 0 0 3 1.57915055752
3303 3963 0 0 0 1 0 0 3 1.32432436943
3316 2987 0 0 0 0 0 1 5 0.0193050187081
1879 1171 0 1 0 0 0 0 1 0.11196911335
1122 2267 0 0 1 0 0 0 2 1.66795361042
4423 1078 0 0 0 0 0 1 5 0.312741309404
1241 1155 0 1 0 0 0 0 1 1.67567563057
1706 1848 0 0 0 1 0 0 3 0.0772200748324
3260 5420 0 0 1 0 0 0 2 1.66409265995
4081 897 0 0 0 0 0 1 5 1.71814668179
3077 2926 0 0 1 0 0 0 2 1.3281853199
3406 4741 0 0 0 0 0 1 5 0.432432442904
3699 3800 0 0 1 0 0 0 2 0.33590734005
1619 2883 0 0 0 1 0 0 3 1.78378379345
3196 1814 0 0 1 0 0 0 2 0.915057897568
3447 4733 0 0 0 0 0 1 5 0.00386100378819
3009 4738 0 1 0 0 0 0 1 0.629343628883
3452 4736 0 0 0 0 0 1 5 0.424710422754
2908 1263 0 1 0 0 0 0 1 0.104247100651
4578 1512 0 0 1 0 0 0 2 0.760617733002
3512 5124 0 1 0 0 0 0 1 0.0849420875311
3312 2991 0 0 0 0 0 1 5 0.135135129094
2159 2041 0 0 1 0 0 0 2 1.54826259613
4742 1381 0 0 1 0 0 0 2 0.173745170236
3592 4027 0 0 0 1 0 0 3 0.196911200881
3152 3272 0 0 1 0 0 0 2 1.478764534
4781 1375 0 0 1 0 0 0 2 0.285714298487
2319 2405 0 0 0 0 0 1 5 0.0308880303055
3617 2084 0 0 1 0 0 0 2 1.5675675869
2278 929 0 1 0 0 0 0 1 1.57528960705
3792 2695 0 0 1 0 0 0 2 0.00772200757638
4113 2700 0 0 1 0 0 0 2 1.478764534
3043 4698 0 1 0 0 0 0 1 0.00386100378819
3271 2160 0 0 0 0 0 1 5 1.08494210243
1433 1525 0 0 0 0 0 1 5 0.227799221873
3184 2098 0 0 1 0 0 0 2 0.0308880303055
3675 4293 0 0 0 1 0 0 3 0.142857149243
3681 5690 0 0 1 0 0 0 2 0.83397680521
2461 3423 0 0 0 0 0 1 5 0.930501937866
4576 1411 0 0 1 0 0 0 2 0.00772200757638
2223 580 0 0 1 0 0 0 2 1.16216218472
3031 1201 0 0 0 1 0 0 3 0.00772200757638
3347 2505 0 0 1 0 0 0 2 1.48648643494
2465 4003 0 1 0 0 0 0 1 0.123552121222
3175 2102 0 0 1 0 0 0 2 0.123552121222
3733 974 0 0 1 0 0 0 2 1.72972977161
3085 1677 0 0 1 0 0 0 2 0.501930475235
2595 3638 0 0 0 0 0 1 5 0.189189195633
4279 3283 0 0 1 0 0 0 2 0.00386100378819
2933 978 0 0 0 1 0 0 3 0.471042484045
3590 4033 0 0 0 1 0 0 3 0.0463320463896
2883 1237 0 1 0 0 0 0 1 0.281853288412
2429 1620 0 0 0 1 0 0 3 1.5675675869
2333 2417 0 0 0 0 0 1 5 0.386100381613
626 1652 0 0 1 0 0 0 2 1.09652507305
2969 778 0 0 1 0 0 0 2 1.57528960705
971 1576 0 0 0 1 0 0 3 1.20077216625
1392 1846 0 0 0 1 0 0 3 0.895752906799
2540 3320 0 0 0 1 0 0 3 0.0849420875311
1738 1771 0 0 0 1 0 0 3 0.895752906799
2243 3031 0 0 0 1 0 0 3 0.359073370695
3656 2630 0 0 1 0 0 0 2 0.35521236062
2325 4143 0 1 0 0 0 0 1 0.0424710437655
4550 1416 0 0 1 0 0 0 2 0.250965237617
4325 1436 0 0 0 0 0 1 5 0.455598443747
3669 4291 0 0 0 1 0 0 3 0.00772200757638
1877 1186 0 1 0 0 0 0 1 0.0772200748324
3044 1123 0 0 0 1 0 0 3 0.405405402184
3001 2581 0 0 1 0 0 0 2 1.8957529068
3136 2091 0 0 1 0 0 0 2 1.03474903107
2633 3650 0 0 0 0 0 1 5 0.332046329975
3721 4239 0 0 0 1 0 0 3 0.783783793449
2333 2367 0 0 0 0 0 1 5 0.494208484888
4038 2354 0 0 0 0 1 0 4 1.5521235466
3117 1702 0 0 1 0 0 0 2 0.146718144417
1824 999 0 1 0 0 0 0 1 0.320463329554
2850 1890 0 0 1 0 0 0 2 1.37451732159
2502 3988 0 1 0 0 0 0 1 0.343629330397
1443 1509 0 0 0 0 0 1 5 0.428571432829
2008 1350 0 1 0 0 0 0 1 1.2084941864
2978 4009 0 0 0 0 0 1 5 1.57142853737
1662 1425 0 0 0 1 0 0 3 1.10038614273
1587 1080 0 1 0 0 0 0 1 0.922779917717
3994 3814 0 0 0 0 0 1 5 0.918918907642
4383 2279 0 0 1 0 0 0 2 1.84169888496
2901 4919 0 1 0 0 0 0 1 1.36679542065
4156 1242 0 0 0 0 1 0 4 1.24324321747
4475 3526 0 0 1 0 0 0 2 1.25868725777
2580 3654 0 0 0 0 0 1 5 0.243243247271
701 1997 0 0 0 1 0 0 3 1.4324324131
3649 3887 0 0 1 0 0 0 2 0.416988402605
2623 853 0 0 0 1 0 0 3 1.69884169102
1315 1975 0 0 0 1 0 0 3 0.528957545757
3656 2670 0 0 1 0 0 0 2 0.0501930490136
4426 821 0 0 1 0 0 0 2 1.57915055752
2882 3693 0 0 0 0 0 1 5 0.837837815285
1108 1535 0 0 0 1 0 0 3 0.30888029933
4840 1089 0 0 1 0 0 0 2 1.27027022839
1468 2192 0 0 0 1 0 0 3 1.3281853199
2319 4103 0 1 0 0 0 0 1 0.525096535683
3585 4040 0 0 0 1 0 0 3 0.293436288834
3647 3786 0 0 1 0 0 0 2 0.208494201303
2310 2732 0 0 1 0 0 0 2 0.814671814442
3962 2009 0 0 1 0 0 0 2 1.57915055752
3470 5555 0 0 1 0 0 0 2 0.926640927792
1839 995 0 1 0 0 0 0 1 0.00772200757638
1706 1165 0 1 0 0 0 0 1 0.173745170236
2774 1544 0 0 0 1 0 0 3 1.36293435097
3493 5092 0 1 0 0 0 0 1 0.270270258188
1695 3227 0 1 0 0 0 0 1 1.66795361042
4409 1084 0 0 0 0 0 1 5 0.00772200757638
2596 3212 0 0 0 1 0 0 3 0.567567586899
1897 1220 0 1 0 0 0 0 1 0.393822401762
2083 1695 0 0 1 0 0 0 2 1.5830116272
3673 4278 0 0 0 1 0 0 3 0.142857149243
2731 3002 0 0 1 0 0 0 2 1.37837839127
4264 3391 0 0 1 0 0 0 2 0.760617733002
3792 2707 0 0 1 0 0 0 2 0.0965250954032
3390 1048 0 0 1 0 0 0 2 1.7915058136
3184 5075 0 0 0 1 0 0 3 1.42857146263
3644 2677 0 0 1 0 0 0 2 0.366795361042
3504 5130 0 1 0 0 0 0 1 0.374517381191
2242 3036 0 0 0 1 0 0 3 0.131274133921
3332 4628 0 0 0 0 0 1 5 0.204633206129
3498 3196 0 0 1 0 0 0 2 1.40154445171
1883 1176 0 1 0 0 0 0 1 0.0965250954032
3322 3001 0 0 0 0 0 1 5 0.424710422754
1047 1922 0 0 0 1 0 0 3 1.38223934174
3843 3121 0 0 0 0 0 1 5 1.57142853737
1301 599 0 0 0 1 0 0 3 1.08108103275
1106 1548 0 0 0 1 0 0 3 0.200772196054
1114 1535 0 0 0 1 0 0 3 0.305019319057
1511 734 0 1 0 0 0 0 1 1.45559847355
1317 1501 0 0 0 0 0 1 5 0.71814674139
1439 1523 0 0 0 0 0 1 5 0.247104242444
1651 1157 0 1 0 0 0 0 1 0.297297298908
1701 1169 0 1 0 0 0 0 1 0.061776060611
1857 659 0 0 0 1 0 0 3 1.30888032913
1346 1954 0 0 0 1 0 0 3 0.0849420875311
1354 1966 0 0 0 1 0 0 3 0.208494201303
1350 1970 0 0 0 1 0 0 3 0.108108110726
1932 1004 0 1 0 0 0 0 1 0.803088784218
1837 1037 0 1 0 0 0 0 1 0.166023164988
1690 1858 0 0 0 1 0 0 3 0.571428596973
1720 1833 0 0 0 1 0 0 3 0.254826247692
1543 2537 0 0 1 0 0 0 2 1.7451736927
2353 1274 0 1 0 0 0 0 1 1.57915055752
1889 2462 0 0 1 0 0 0 2 1.56370651722
2327 2417 0 0 0 0 0 1 5 0.150579154491
2504 1965 0 0 1 0 0 0 2 0.864864885807
2599 1996 0 0 1 0 0 0 2 0.706563711166
2561 1984 0 0 1 0 0 0 2 0.119691118598
2898 1274 0 1 0 0 0 0 1 0.366795361042
2902 1263 0 1 0 0 0 0 1 0.0115830115974
3085 1214 0 0 0 1 0 0 3 0.55984556675
3046 1205 0 0 0 1 0 0 3 0.057915057987
3025 1201 0 0 0 1 0 0 3 0.119691118598
2040 3153 0 1 0 0 0 0 1 1.30888032913
2234 2737 0 0 1 0 0 0 2 0.0308880303055
2220 2732 0 0 1 0 0 0 2 0.216216221452
2224 2728 0 0 1 0 0 0 2 0.285714298487
2580 2311 0 0 1 0 0 0 2 1.57142853737
2254 3045 0 0 0 1 0 0 3 0.0694980695844
2656 2656 0 0 1 0 0 0 2 1.54826259613
3465 1393 0 0 0 1 0 0 3 1.54826259613
2553 3314 0 0 0 1 0 0 3 0.239382237196
2538 3314 0 0 0 1 0 0 3 0.204633206129
2402 3979 0 1 0 0 0 0 1 0.756756782532
2456 3990 0 1 0 0 0 0 1 0.061776060611
2537 3768 0 1 0 0 0 0 1 0.88803088665
2584 3649 0 0 0 0 0 1 5 0.0424710437655
3887 1663 0 0 1 0 0 0 2 1.57528960705
4412 1088 0 0 0 0 0 1 5 0.0656370669603
2795 3645 0 0 0 0 0 1 5 0.378378391266
2837 3679 0 0 0 0 0 1 5 0.166023164988
2832 3676 0 0 0 0 0 1 5 0.100386098027
3308 2963 0 0 0 0 0 1 5 0.324324309826
3422 2851 0 0 0 1 0 0 3 1.04633200169
3692 2430 0 0 1 0 0 0 2 1.22007727623
4331 1449 0 0 0 0 0 1 5 0.0347490347922
4333 1455 0 0 0 0 0 1 5 0.0270270276815
4502 1167 0 0 0 0 0 1 5 0.756756782532
3228 3617 0 0 1 0 0 0 2 1.5675675869
3768 2775 0 0 1 0 0 0 2 0.814671814442
3768 2675 0 0 1 0 0 0 2 0.227799221873
3798 2694 0 0 1 0 0 0 2 0.359073370695
4590 1414 0 0 1 0 0 0 2 0.154440149665
4571 1407 0 0 1 0 0 0 2 0.115830115974
4745 1372 0 0 1 0 0 0 2 0.100386098027
4788 1647 0 0 1 0 0 0 2 1.3436293602
2974 4937 0 1 0 0 0 0 1 0.656370639801
2906 4922 0 1 0 0 0 0 1 0.297297298908
3109 4729 0 1 0 0 0 0 1 0.540540516376
3040 4713 0 1 0 0 0 0 1 0.0308880303055
3919 3466 0 0 0 0 0 1 5 1.4478764534
4189 3045 0 0 0 0 1 0 4 1.5521235466
3652 4312 0 0 0 1 0 0 3 0.540540516376
3894 3805 0 0 0 0 0 1 5 0.42084941268
3917 3773 0 0 0 0 0 1 5 0.343629330397
3925 3779 0 0 0 0 0 1 5 0.0501930490136
4252 3292 0 0 1 0 0 0 2 0.42084941268
4292 3290 0 0 1 0 0 0 2 0.30888029933
4283 3278 0 0 1 0 0 0 2 0.328185319901
3530 4999 0 1 0 0 0 0 1 0.818532824516
4070 4157 0 0 0 1 0 0 3 1.83397686481
4610 3315 0 0 1 0 0 0 2 1.42857146263
3605 5345 0 0 0 1 0 0 3 1.36293435097
